[Ar]
eps = 0.00019604583935927278
r_min = 3.653807860077536
